timestamp,roll,pitch,yaw,rollspeed,pitchspeed,yawspeed,rollacc,pitchacc,yawacc,rate_vibration,accel_vibration,mag_vibration,rate_offsets[0],rate_offsets[1],rate_offsets[2],R[0],R[1],R[2],R[3],R[4],R[5],R[6],R[7],R[8],q[0],q[1],q[2],q[3],g_comp[0],g_comp[1],g_comp[2],R_valid,q_valid
108730655,-0.147139,0.0460048,1.94684,-0.00043076,-0.000478178,-0.00139995,0.0,0.0,0.0,0.0,0.0,0.0,0.00637296,-0.00260477,0.00182718,-0.366858,-0.917597,-0.15307,0.929139,-0.36955,-0.0115285,-0.0459886,-0.146453,0.988148,-0.559406,0.0602982,0.0478552,-0.825311,0.476648,1.38634,-9.86205,1,1
108750656,-0.147131,0.046002,1.94684,-0.000399645,-0.000334966,-0.00125493,0.0,0.0,0.0,0.0,0.0,0.0,0.00637454,-0.0026043,0.00182909,-0.366853,-0.9176,-0.153063,0.929142,-0.369544,-0.0115274,-0.0459858,-0.146446,0.988149,-0.559409,0.060295,0.0478527,-0.82531,0.474718,1.41179,-9.80679,1,1
108770655,-0.147123,0.0459961,1.94684,-0.000410237,-0.000550653,-0.000650978,0.0,0.0,0.0,0.0,0.0,0.0,0.00637608,-0.00260397,0.00183092,-0.366854,-0.917602,-0.153053,0.929142,-0.369544,-0.0115301,-0.0459799,-0.146438,0.988151,-0.559409,0.0602904,0.0478511,-0.82531,0.466573,1.41801,-9.76706,1,1
108782655,-0.147123,0.0459964,1.94685,-0.000438972,-0.000196034,-2.30016e-05,0.0,0.0,0.0,0.0,0.0,0.0,0.00637655,-0.00260386,0.00183262,-0.366868,-0.917596,-0.153053,0.929136,-0.369559,-0.0115321,-0.0459801,-0.146438,0.988151,-0.559402,0.06029,0.0478514,-0.825315,0.46888,1.4251,-9.74796,1,1
108790655,-0.147122,0.0460018,1.94688,-8.70042e-05,0.000629329,-0.000169153,0.0,0.0,0.0,0.0,0.0,0.0,0.00637668,-0.00260401,0.00183525,-0.366891,-0.917587,-0.153054,0.929127,-0.369582,-0.0115305,-0.0459856,-0.146437,0.988151,-0.559392,0.0602914,0.0478502,-0.825322,0.465809,1.43117,-9.74455,1,1
108842655,-0.147122,0.0460102,1.94695,-7.93743e-05,0.00034288,-0.000621337,0.0,0.0,0.0,0.0,0.0,0.0,0.00637744,-0.00260464,0.00184684,-0.366956,-0.917561,-0.153056,0.929101,-0.369647,-0.0115336,-0.045994,-0.146437,0.98815,-0.559363,0.0602932,0.04785,-0.825341,0.465053,1.44088,-9.74035,1,1
108854654,-0.147127,0.0460159,1.94696,-0.000460877,0.000279807,-0.00113883,0.0,0.0,0.0,0.0,0.0,0.0,0.00637743,-0.00260469,0.00184849,-0.366962,-0.917557,-0.153063,0.929098,-0.369654,-0.0115313,-0.0459997,-0.146442,0.988149,-0.55936,0.0602969,0.0478508,-0.825343,0.460186,1.44407,-9.75603,1,1
108866657,-0.147134,0.0460203,1.94697,-0.000795559,0.000440685,-0.00045882,0.0,0.0,0.0,0.0,0.0,0.0,0.00637744,-0.00260499,0.00185138,-0.366979,-0.917549,-0.15307,0.929091,-0.369672,-0.0115327,-0.046004,-0.146448,0.988148,-0.559352,0.0603001,0.0478529,-0.825348,0.459265,1.43887,-9.77898,1,1
108874655,-0.14714,0.0460236,1.94699,-0.000979473,0.000384413,-6.68979e-05,0.0,0.0,0.0,0.0,0.0,0.0,0.00637749,-0.00260526,0.00185346,-0.366997,-0.91754,-0.153077,0.929084,-0.36969,-0.0115348,-0.0460074,-0.146455,0.988147,-0.559343,0.0603028,0.0478551,-0.825354,0.454208,1.43689,-9.74887,1,1
108886655,-0.147146,0.0460254,1.94701,-0.000138351,5.85241e-05,0.000654063,0.0,0.0,0.0,0.0,0.0,0.0,0.00637738,-0.00260549,0.0018548,-0.367015,-0.917532,-0.153082,0.929076,-0.369708,-0.0115381,-0.0460092,-0.14646,0.988146,-0.559335,0.0603045,0.0478574,-0.825359,0.45212,1.44682,-9.72437,1,1
108898687,-0.147145,0.0460275,1.94702,0.000200852,-1.30665e-05,-0.000297838,0.0,0.0,0.0,0.0,0.0,0.0,0.00637723,-0.00260549,0.00185565,-0.367024,-0.917529,-0.153082,0.929073,-0.369717,-0.0115375,-0.0460112,-0.146459,0.988146,-0.559331,0.060305,0.0478568,-0.825362,0.460632,1.44167,-9.6999,1,1
108906655,-0.147112,0.046054,1.94704,0.000431209,0.000545006,-0.000694854,0.0,0.0,0.0,0.0,0.0,0.0,0.00638019,-0.00260337,0.00185792,-0.367037,-0.917527,-0.153062,0.929067,-0.369734,-0.011503,-0.0460377,-0.146426,0.98815,-0.559325,0.0603063,0.0478361,-0.825367,0.617745,1.28361,-9.97346,1,1
108918655,-0.147076,0.0460887,1.94707,-0.000361105,0.000590875,-0.000768703,0.0,0.0,0.0,0.0,0.0,0.0,0.00638362,-0.00260117,0.00186225,-0.367064,-0.91752,-0.153041,0.929054,-0.369767,-0.0114625,-0.0460724,-0.146391,0.988154,-0.559313,0.0603099,0.0478125,-0.825376,0.578506,1.31176,-9.91039,1,1
108930655,-0.147054,0.046113,1.94704,-0.000591309,0.000235311,-0.000425259,0.0,0.0,0.0,0.0,0.0,0.0,0.00638668,-0.00259869,0.00186061,-0.367037,-0.917532,-0.15303,0.929064,-0.369744,-0.0114277,-0.0460966,-0.146369,0.988155,-0.559324,0.0603145,0.0477958,-0.825369,0.528969,1.35453,-9.80661,1,1
108942655,-0.147037,0.0461324,1.94704,0.000174587,0.000501874,-0.000344542,0.0,0.0,0.0,0.0,0.0,0.0,0.00638854,-0.00259736,0.00186121,-0.367038,-0.917534,-0.153021,0.929062,-0.369748,-0.0114035,-0.0461161,-0.146352,0.988157,-0.559324,0.0603175,0.0477831,-0.82537,0.506045,1.37803,-9.76129,1,1
108954683,-0.147025,0.04614,1.94706,-8.21035e-05,-0.000423122,-0.00149848,0.0,0.0,0.0,0.0,0.0,0.0,0.00638952,-0.00259678,0.00186501,-0.367058,-0.917527,-0.153013,0.929054,-0.369769,-0.0113955,-0.0461237,-0.14634,0.988159,-0.559315,0.0603168,0.0477768,-0.825377,0.501325,1.40292,-9.75751,1,1
108962657,-0.14702,0.0461426,1.94709,-0.000260212,-0.000331356,-0.00106414,0.0,0.0,0.0,0.0,0.0,0.0,0.00639003,-0.00259661,0.00186869,-0.367083,-0.917517,-0.153009,0.929044,-0.369794,-0.0113955,-0.0461263,-0.146335,0.988159,-0.559303,0.0603159,0.0477749,-0.825384,0.494058,1.40629,-9.75715,1,1
108974655,-0.147014,0.0461448,1.94713,-0.000199609,-0.00036452,-0.000244943,0.0,0.0,0.0,0.0,0.0,0.0,0.00639076,-0.00259668,0.00187341,-0.367122,-0.917503,-0.153004,0.929028,-0.369833,-0.0113977,-0.0461284,-0.146329,0.98816,-0.559286,0.0603141,0.047773,-0.825396,0.470855,1.39911,-9.72536,1,1
108982658,-0.147007,0.0461424,1.94715,0.000150898,-0.000452664,-0.000679165,0.0,0.0,0.0,0.0,0.0,0.0,0.00639131,-0.00259681,0.0018757,-0.36714,-0.917497,-0.152996,0.929021,-0.36985,-0.0114003,-0.046126,-0.146322,0.988161,-0.559279,0.0603108,0.0477715,-0.825402,0.462289,1.40007,-9.68718,1,1
108994655,-0.146999,0.0461433,1.94717,0.000493501,0.000130126,-0.000317679,0.0,0.0,0.0,0.0,0.0,0.0,0.00639154,-0.00259695,0.00187863,-0.367161,-0.91749,-0.152989,0.929013,-0.369871,-0.0113997,-0.0461269,-0.146314,0.988162,-0.55927,0.0603082,0.0477684,-0.825408,0.467216,1.42221,-9.66026,1,1
109006703,-0.146992,0.0461479,1.9472,0.000283358,-0.000224885,0.000137705,0.0,0.0,0.0,0.0,0.0,0.0,0.0063917,-0.00259685,0.00188136,-0.367187,-0.91748,-0.152984,0.929003,-0.369898,-0.0113974,-0.0461315,-0.146307,0.988163,-0.559258,0.0603075,0.0477652,-0.825416,0.468271,1.41732,-9.66169,1,1
109014655,-0.146988,0.0461478,1.94722,0.000156848,-0.000199568,-0.000354955,0.0,0.0,0.0,0.0,0.0,0.0,0.00639181,-0.00259696,0.00188358,-0.367206,-0.917473,-0.15298,0.928995,-0.369917,-0.0113992,-0.0461314,-0.146303,0.988164,-0.55925,0.0603059,0.0477642,-0.825422,0.462929,1.41468,-9.64964,1,1
109026655,-0.146989,0.0461499,1.94725,-0.00052916,-0.000120511,-0.000505832,0.0,0.0,0.0,0.0,0.0,0.0,0.00639205,-0.00259709,0.00188686,-0.367231,-0.917463,-0.152981,0.928985,-0.369942,-0.0114015,-0.0461336,-0.146304,0.988164,-0.559238,0.0603063,0.0477647,-0.82543,0.467064,1.41468,-9.66841,1,1
109038689,-0.146988,0.0461476,1.94728,0.000157132,-0.000658348,-0.00033073,0.0,0.0,0.0,0.0,0.0,0.0,0.00639217,-0.00259718,0.00189023,-0.367258,-0.917452,-0.152979,0.928974,-0.369968,-0.0114077,-0.0461313,-0.146303,0.988164,-0.559227,0.0603044,0.0477658,-0.825438,0.470887,1.42715,-9.69767,1,1
109046655,-0.146985,0.0461438,1.94729,0.000299585,-0.000655876,-1.03659e-05,0.0,0.0,0.0,0.0,0.0,0.0,0.0063921,-0.0025972,0.00189168,-0.367271,-0.917448,-0.152975,0.928969,-0.369981,-0.0114126,-0.0461275,-0.146301,0.988164,-0.559221,0.0603019,0.0477664,-0.825442,0.461392,1.4427,-9.70666,1,1
109058655,-0.146985,0.0461436,1.94731,0.00012958,0.000368541,-0.000517423,0.0,0.0,0.0,0.0,0.0,0.0,0.00639181,-0.00259749,0.00189386,-0.367289,-0.917441,-0.152975,0.928962,-0.369998,-0.0114155,-0.0461273,-0.146301,0.988164,-0.559213,0.0603013,0.0477669,-0.825447,0.451625,1.44034,-9.69316,1,1
109070655,-0.146981,0.0461457,1.94734,0.000301875,-4.69328e-05,-0.000459175,0.0,0.0,0.0,0.0,0.0,0.0,0.00639183,-0.00259793,0.00189725,-0.367314,-0.917432,-0.152971,0.928953,-0.370023,-0.0114161,-0.0461293,-0.146296,0.988165,-0.559202,0.0603002,0.0477653,-0.825455,0.455162,1.41896,-9.65326,1,1
109082655,-0.146982,0.046144,1.94737,-0.000561725,-0.000502751,-0.000554635,0.0,0.0,0.0,0.0,0.0,0.0,0.00639189,-0.00259805,0.00190066,-0.367342,-0.91742,-0.152971,0.928942,-0.37005,-0.0114227,-0.0461276,-0.146297,0.988165,-0.55919,0.0602991,0.0477671,-0.825463,0.466479,1.41758,-9.6312,1,1
109094657,-0.146975,0.0461555,1.94739,-0.000525925,-9.47353e-05,-0.000351019,0.0,0.0,0.0,0.0,0.0,0.0,0.0063933,-0.00259692,0.00190379,-0.367363,-0.917412,-0.152969,0.928933,-0.370073,-0.0114131,-0.0461391,-0.14629,0.988165,-0.55918,0.0603013,0.0477617,-0.82547,0.551829,1.37537,-9.92908,1,1
109102655,-0.14696,0.046168,1.94741,0.000521949,4.94418e-05,0.000308682,0.0,0.0,0.0,0.0,0.0,0.0,0.00639453,-0.00259602,0.00190594,-0.367383,-0.917406,-0.152959,0.928924,-0.370095,-0.0113992,-0.0461516,-0.146275,0.988167,-0.559171,0.0603018,0.0477526,-0.825476,0.523186,1.38514,-9.83947,1,1
109114655,-0.146941,0.0461813,1.94743,-1.43438e-05,-0.000140668,-0.000289626,0.0,0.0,0.0,0.0,0.0,0.0,0.0063958,-0.00259504,0.00190834,-0.367403,-0.9174,-0.152947,0.928916,-0.370117,-0.0113835,-0.0461649,-0.146257,0.988169,-0.559162,0.0603016,0.0477419,-0.825483,0.507574,1.3969,-9.7661,1,1
109122655,-0.146936,0.0461862,1.94743,-0.000155382,-0.000375577,-0.000295616,0.0,0.0,0.0,0.0,0.0,0.0,0.00639642,-0.00259428,0.00190865,-0.367402,-0.917401,-0.152944,0.928915,-0.370117,-0.0113772,-0.0461698,-0.146252,0.988169,-0.559162,0.0603023,0.0477385,-0.825483,0.49785,1.40512,-9.71976,1,1
109134655,-0.146933,0.0461932,1.94743,-0.000297224,0.000174586,-0.000654876,0.0,0.0,0.0,0.0,0.0,0.0,0.00639714,-0.00259336,0.00190946,-0.367404,-0.9174,-0.152943,0.928914,-0.37012,-0.0113698,-0.0461768,-0.146249,0.98817,-0.559161,0.0603041,0.0477351,-0.825484,0.496947,1.41281,-9.742,1,1
109146655,-0.146927,0.0461902,1.94745,0.000338501,-0.00273649,0.00088991,0.0,0.0,0.0,0.0,0.0,0.0,0.00639738,-0.00259284,0.00191157,-0.367421,-0.917394,-0.152937,0.928908,-0.370136,-0.0113733,-0.0461738,-0.146243,0.988171,-0.559154,0.0603009,0.0477342,-0.825489,0.483825,1.44628,-9.78537,1,1
109154655,-0.146942,0.0461772,1.94753,-0.00398715,-0.00118858,0.0109857,0.0,0.0,0.0,0.0,0.0,0.0,0.00639739,-0.00259298,0.00191263,-0.367489,-0.917366,-0.152945,0.928882,-0.370201,-0.0114019,-0.0461608,-0.146258,0.988169,-0.559124,0.0602979,0.0477463,-0.825509,0.445794,1.41154,-9.73258,1,1
109166655,-0.147005,0.0461948,1.9478,-0.00878795,-0.00592471,0.0258182,0.0,0.0,0.0,0.0,0.0,0.0,0.00639859,-0.00259351,0.00191387,-0.367742,-0.917254,-0.153006,0.928781,-0.370453,-0.0114507,-0.0461783,-0.14632,0.988159,-0.559009,0.0603162,0.0477755,-0.825584,0.478559,1.39181,-9.69127,1,1
109178654,-0.147163,0.0461212,1.94815,-0.0159029,-0.00734505,0.0232602,0.0,0.0,0.0,0.0,0.0,0.0,0.00639826,-0.00259402,0.00191612,-0.36807,-0.917103,-0.15312,0.928654,-0.370764,-0.0116308,-0.0461048,-0.146477,0.988139,-0.558862,0.0603217,0.047872,-0.825678,0.374099,1.44527,-9.56017,1,1
109186655,-0.147244,0.0461032,1.94824,-0.00661237,0.000481631,0.00191796,0.0,0.0,0.0,0.0,0.0,0.0,0.00639755,-0.00259614,0.00191746,-0.368152,-0.91706,-0.153186,0.928623,-0.370841,-0.0116905,-0.0460869,-0.146556,0.988128,-0.558824,0.0603347,0.0479129,-0.8257,0.327094,1.5043,-9.69437,1,1
109198655,-0.147258,0.0461324,1.948,0.00464471,0.0139923,-0.0284068,0.0,0.0,0.0,0.0,0.0,0.0,0.00639715,-0.00259829,0.00191866,-0.367934,-0.917143,-0.153213,0.928708,-0.37063,-0.0116332,-0.0461161,-0.14657,0.988125,-0.558919,0.0603563,0.0479037,-0.825635,0.363124,1.3912,-9.50313,1,1
109206655,-0.147126,0.0462728,1.94776,0.0211226,0.0244884,-0.027464,0.0,0.0,0.0,0.0,0.0,0.0,0.00639725,-0.00259986,0.00191962,-0.367706,-0.917245,-0.153146,0.928791,-0.370428,-0.0114183,-0.0462563,-0.146439,0.988138,-0.559018,0.0603831,0.0478025,-0.825571,0.366605,1.46298,-9.71699,1,1
109218655,-0.146957,0.0463858,1.94751,0.00891958,0.00612471,-0.0179992,0.0,0.0,0.0,0.0,0.0,0.0,0.00639961,-0.00259835,0.00192176,-0.367472,-0.917357,-0.153035,0.928878,-0.370216,-0.0112136,-0.0463692,-0.146272,0.988157,-0.559122,0.0603884,0.0476935,-0.825507,0.59627,1.17328,-9.409,1,1
109230655,-0.14683,0.0463595,1.94738,0.00129275,-0.00658962,-0.014304,0.0,0.0,0.0,0.0,0.0,0.0,0.00640435,-0.00259919,0.00192904,-0.367351,-0.917427,-0.15291,0.928927,-0.370094,-0.0111706,-0.0463429,-0.146146,0.988177,-0.55918,0.060345,0.0476443,-0.825473,0.396316,1.2763,-9.6165,1,1
109242655,-0.146831,0.0462861,1.94736,-0.000593258,-0.00336206,-0.00025264,0.0,0.0,0.0,0.0,0.0,0.0,0.00640527,-0.00259974,0.00193218,-0.367336,-0.917437,-0.152885,0.928937,-0.370068,-0.0112359,-0.0462696,-0.146148,0.98818,-0.55919,0.0603157,0.047665,-0.825467,0.425872,1.44856,-9.85643,1,1
109254655,-0.14687,0.0462747,1.94759,-0.00319777,0.000381581,0.0272193,0.0,0.0,0.0,0.0,0.0,0.0,0.00640652,-0.0026016,0.00193365,-0.367549,-0.917347,-0.152913,0.928853,-0.370277,-0.0112957,-0.0462582,-0.146186,0.988175,-0.559095,0.0603163,0.047691,-0.82553,0.458778,1.36837,-9.74857,1,1
109262655,-0.146897,0.04633,1.94786,-0.00852048,-0.000381802,0.0316001,0.0,0.0,0.0,0.0,0.0,0.0,0.00640692,-0.00260058,0.00193551,-0.367797,-0.917241,-0.152955,0.928752,-0.37053,-0.0112958,-0.0463134,-0.146212,0.988169,-0.558982,0.0603401,0.0476945,-0.825605,0.545162,1.4134,-9.72136,1,1
109274656,-0.14706,0.0463382,1.94821,-0.0158684,-0.00542383,0.0223831,0.0,0.0,0.0,0.0,0.0,0.0,0.00640865,-0.00259976,0.00193875,-0.368126,-0.917084,-0.153104,0.928621,-0.370854,-0.0114032,-0.0463216,-0.146374,0.988144,-0.55883,0.0603808,0.0477706,-0.8257,0.450691,1.41645,-9.55787,1,1
109286655,-0.147256,0.0463362,1.94838,-0.0124868,0.00223754,0.00593911,0.0,0.0,0.0,0.0,0.0,0.0,0.00640575,-0.00260087,0.00194087,-0.368282,-0.916991,-0.153281,0.928559,-0.371006,-0.0115033,-0.0463196,-0.146567,0.988116,-0.558755,0.0604306,0.0478569,-0.825743,0.404966,1.52897,-9.75829,1,1
109294655,-0.147323,0.0463445,1.9484,-0.0046073,0.00077025,-0.0027746,0.0,0.0,0.0,0.0,0.0,0.0,0.00640535,-0.0026017,0.00194342,-0.368302,-0.916973,-0.153345,0.928551,-0.371025,-0.0115237,-0.0463279,-0.146633,0.988106,-0.558744,0.0604521,0.0478828,-0.825747,0.463028,1.43881,-9.56992,1,1
109306655,-0.147229,0.046466,1.9483,0.0103834,0.0159302,-0.00822179,0.0,0.0,0.0,0.0,0.0,0.0,0.00640757,-0.00260261,0.00194191,-0.368201,-0.91702,-0.153304,0.928585,-0.370945,-0.0113608,-0.0464493,-0.146539,0.988114,-0.558786,0.0604785,0.0478066,-0.825721,0.355822,1.30294,-10.0036,1,1
109318688,-0.14711,0.0464913,1.94813,0.00733019,0.00175332,-0.020039,0.0,0.0,0.0,0.0,0.0,0.0,0.00641254,-0.00260261,0.00194324,-0.368045,-0.917099,-0.153206,0.928646,-0.370796,-0.0112679,-0.0464745,-0.146422,0.98813,-0.558858,0.0604597,0.0477455,-0.825677,0.538585,1.22381,-9.92433,1,1
109326655,-0.147004,0.046464,1.94794,0.0114792,-0.00123291,-0.0274013,0.0,0.0,0.0,0.0,0.0,0.0,0.00641491,-0.00260324,0.00194512,-0.367867,-0.917188,-0.153101,0.928718,-0.370618,-0.0112241,-0.0464473,-0.146317,0.988147,-0.558942,0.0604234,0.0477034,-0.825626,0.377639,1.33318,-9.8285,1,1
109338655,-0.146859,0.046429,1.94767,0.0150279,0.0086324,-0.0222446,0.0,0.0,0.0,0.0,0.0,0.0,0.00641593,-0.00260455,0.00194642,-0.367621,-0.91731,-0.152959,0.928817,-0.370371,-0.0111622,-0.0464123,-0.146174,0.98817,-0.559057,0.060375,0.0476457,-0.825555,0.468008,1.45199,-10.1852,1,1
109346655,-0.146771,0.0464599,1.94752,0.00678525,0.00523448,-0.0205155,0.0,0.0,0.0,0.0,0.0,0.0,0.00641775,-0.00260506,0.00194906,-0.367478,-0.917379,-0.152891,0.928872,-0.370236,-0.0110779,-0.0464432,-0.146087,0.988181,-0.559121,0.0603667,0.0475961,-0.825514,0.457517,1.29411,-9.90766,1,1
109362655,-0.146666,0.046544,1.94733,0.00151042,0.0065319,-0.0130928,0.0,0.0,0.0,0.0,0.0,0.0,0.00641927,-0.00260634,0.00195625,-0.367298,-0.917462,-0.152828,0.928939,-0.370072,-0.0109324,-0.0465272,-0.145983,0.988192,-0.559201,0.0603766,0.0475234,-0.825464,0.459447,1.49928,-9.94097,1,1
109374654,-0.146711,0.0466118,1.94726,-0.00205257,0.00458298,-0.00448485,0.0,0.0,0.0,0.0,0.0,0.0,0.00641906,-0.0026055,0.00195874,-0.367234,-0.917476,-0.152894,0.928961,-0.370018,-0.0108763,-0.0465949,-0.146027,0.988183,-0.559225,0.0604187,0.0475208,-0.825445,0.442881,1.49111,-9.90872,1,1
109382655,-0.146742,0.0465761,1.94728,-0.00366214,-0.00537897,0.00102618,0.0,0.0,0.0,0.0,0.0,0.0,0.00641858,-0.00260653,0.0019608,-0.367254,-0.917466,-0.15291,0.928955,-0.370032,-0.0109238,-0.0465592,-0.146058,0.98818,-0.559217,0.0604122,0.0475443,-0.825449,0.422283,1.48383,-9.8599,1,1
109394655,-0.146746,0.0465627,1.94733,0.000451948,-0.00133699,0.00483971,0.0,0.0,0.0,0.0,0.0,0.0,0.00641725,-0.00260664,0.00196069,-0.367304,-0.917446,-0.152907,0.928936,-0.370079,-0.0109454,-0.0465459,-0.146061,0.98818,-0.559195,0.0604063,0.0475509,-0.825464,0.404581,1.46832,-9.7745,1,1
109402655,-0.146742,0.0465483,1.94738,-0.00114584,-0.00061523,0.00587698,0.0,0.0,0.0,0.0,0.0,0.0,0.00641849,-0.00260767,0.00196063,-0.367347,-0.91743,-0.152898,0.928919,-0.37012,-0.0109646,-0.0465315,-0.146058,0.988181,-0.559177,0.0603984,0.0475551,-0.825477,0.39962,1.3394,-9.69907,1,1
109414655,-0.146744,0.0465289,1.94741,-0.00423139,-0.00457165,0.000969122,0.0,0.0,0.0,0.0,0.0,0.0,0.00641945,-0.00260789,0.00196043,-0.367378,-0.917419,-0.152892,0.928908,-0.370148,-0.0109881,-0.0465121,-0.14606,0.988182,-0.559164,0.06039,0.0475622,-0.825486,0.456286,1.39131,-9.7587,1,1
109426654,-0.14681,0.0465316,1.94748,-0.00653385,0.00368737,0.00538262,0.0,0.0,0.0,0.0,0.0,0.0,0.00642072,-0.00260957,0.0019631,-0.367445,-0.917382,-0.152953,0.928882,-0.370213,-0.0110209,-0.0465148,-0.146125,0.988172,-0.559132,0.0604079,0.0475908,-0.825504,0.377137,1.40992,-9.73369,1,1
109434655,-0.14685,0.0465791,1.94756,-0.00472772,0.00769586,0.00623662,0.0,0.0,0.0,0.0,0.0,0.0,0.00642088,-0.00261061,0.00196585,-0.367511,-0.917347,-0.153006,0.928853,-0.370285,-0.011003,-0.0465623,-0.146164,0.988164,-0.559099,0.0604368,0.047596,-0.825524,0.47617,1.41874,-9.77434,1,1
109446655,-0.146854,0.0466725,1.94759,0.000431701,0.00220578,-0.00171947,0.0,0.0,0.0,0.0,0.0,0.0,0.00642151,-0.00260925,0.00196918,-0.367541,-0.917328,-0.153044,0.928836,-0.370329,-0.010924,-0.0466556,-0.146167,0.988159,-0.559082,0.0604757,0.0475726,-0.825535,0.500685,1.3973,-9.63619,1,1
109458687,-0.146849,0.0466544,1.94756,-0.000679944,-0.0036227,-0.00612298,0.0,0.0,0.0,0.0,0.0,0.0,0.00642226,-0.00260895,0.00197134,-0.367514,-0.917341,-0.153032,0.928848,-0.3703,-0.0109343,-0.0466374,-0.146162,0.988161,-0.559094,0.0604675,0.0475747,-0.825526,0.493098,1.37923,-9.66387,1,1
109466655,-0.146849,0.0465938,1.94751,-0.000218116,-0.00577533,-0.00849293,0.0,0.0,0.0,0.0,0.0,0.0,0.00642294,-0.0026091,0.00197232,-0.367469,-0.917362,-0.153011,0.928869,-0.370247,-0.0109826,-0.0465769,-0.146163,0.988163,-0.559117,0.0604438,0.0475904,-0.825512,0.433848,1.3989,-9.78141,1,1
109478655,-0.146797,0.0465922,1.94745,0.00943297,0.00522712,-0.00546398,0.0,0.0,0.0,0.0,0.0,0.0,0.00642167,-0.00261028,0.00197373,-0.367407,-0.917395,-0.152963,0.928893,-0.370186,-0.0109544,-0.0465754,-0.146111,0.988171,-0.559146,0.0604301,0.0475672,-0.825494,0.429554,1.56014,-9.71663,1,1
109486655,-0.146746,0.0466826,1.94744,0.00545209,0.0138953,-0.000773593,0.0,0.0,0.0,0.0,0.0,0.0,0.00642103,-0.00261079,0.00197631,-0.367403,-0.917399,-0.15295,0.928891,-0.370195,-0.0108521,-0.0466656,-0.146061,0.988174,-0.559146,0.0604533,0.0475209,-0.825496,0.460514,1.40444,-9.70665,1,1
109502654,-0.146746,0.0467574,1.94754,-0.00914944,-0.00484219,0.0037156,0.0,0.0,0.0,0.0,0.0,0.0,0.00642647,-0.0026106,0.00198272,-0.36749,-0.91736,-0.152976,0.928852,-0.370293,-0.0107979,-0.0467404,-0.14606,0.988171,-0.559104,0.0604818,0.0475027,-0.825523,0.456588,1.08266,-10.0709,1,1
109514654,-0.146774,0.046699,1.9476,-0.00273535,-0.00111288,0.00038497,0.0,0.0,0.0,0.0,0.0,0.0,0.00643161,-0.00261289,0.00198517,-0.367548,-0.917336,-0.15298,0.928832,-0.370341,-0.0108713,-0.046682,-0.146088,0.988169,-0.55908,0.0604641,0.0475325,-0.825539,0.362314,1.27474,-10.0791,1,1
109522656,-0.146731,0.0467031,1.94761,0.00120032,0.00431921,-0.00429472,0.0,0.0,0.0,0.0,0.0,0.0,0.00643549,-0.0026155,0.00198844,-0.367554,-0.91734,-0.152942,0.92883,-0.370348,-0.0108528,-0.0466861,-0.146046,0.988176,-0.559078,0.0604536,0.0475139,-0.825542,0.363986,1.24096,-10.0187,1,1
109534661,-0.146592,0.0467212,1.94752,0.0115917,0.00481403,-0.00690537,0.0,0.0,0.0,0.0,0.0,0.0,0.00644028,-0.00261551,0.0019881,-0.367475,-0.917392,-0.152821,0.92886,-0.370274,-0.0107714,-0.0467042,-0.145908,0.988195,-0.559117,0.0604241,0.0474485,-0.825522,0.471363,1.3372,-9.94152,1,1
109542655,-0.146496,0.046766,1.94748,0.0085317,0.00635704,-0.00539692,0.0,0.0,0.0,0.0,0.0,0.0,0.00644212,-0.00261629,0.00198983,-0.367439,-0.917418,-0.152751,0.928872,-0.370247,-0.0106892,-0.0467489,-0.145813,0.988207,-0.559134,0.0604168,0.0473955,-0.825514,0.426178,1.34244,-9.85168,1,1
109554655,-0.146425,0.0467546,1.9475,-0.00314014,-0.00293817,0.00152109,0.0,0.0,0.0,0.0,0.0,0.0,0.00644666,-0.002618,0.00199265,-0.367454,-0.917424,-0.152681,0.928867,-0.370261,-0.0106757,-0.0467375,-0.145743,0.988218,-0.55913,0.0603917,0.0473697,-0.82552,0.414785,1.27305,-9.75217,1,1
109566655,-0.146487,0.0466682,1.94757,-0.00615725,-0.00613375,0.00218913,0.0,0.0,0.0,0.0,0.0,0.0,0.00644738,-0.00261854,0.00199513,-0.367522,-0.917393,-0.152705,0.928844,-0.370313,-0.0107887,-0.0466513,-0.145804,0.988213,-0.559102,0.0603717,0.0474215,-0.825537,0.459362,1.47418,-9.87976,1,1
109574655,-0.146535,0.0466693,1.94761,-0.00530161,0.00348284,-0.000713203,0.0,0.0,0.0,0.0,0.0,0.0,0.00644723,-0.00261976,0.00199921,-0.36756,-0.91737,-0.15275,0.928829,-0.370351,-0.010812,-0.0466524,-0.145852,0.988206,-0.559083,0.0603848,0.0474426,-0.825548,0.385698,1.42175,-9.80669,1,1
109586655,-0.146531,0.0467563,1.94768,0.00178713,0.0098504,0.0021034,0.0,0.0,0.0,0.0,0.0,0.0,0.00644817,-0.00262135,0.00200633,-0.367626,-0.917339,-0.152777,0.928799,-0.370429,-0.0107418,-0.0467393,-0.145848,0.988202,-0.55905,0.0604178,0.0474188,-0.825569,0.496021,1.40877,-9.77584,1,1
109598685,-0.146449,0.0468365,1.94771,0.00647211,0.00073409,-0.00116541,0.0,0.0,0.0,0.0,0.0,0.0,0.00644902,-0.00261986,0.00200974,-0.367653,-0.917336,-0.15273,0.928784,-0.370469,-0.0106421,-0.0468194,-0.145766,0.988211,-0.559037,0.060427,0.047363,-0.82558,0.553145,1.32698,-9.62422,1,1
109606655,-0.146399,0.0468119,1.94771,0.00306598,-0.0047014,-0.00314141,0.0,0.0,0.0,0.0,0.0,0.0,0.00645069,-0.0026197,0.0020113,-0.367649,-0.917346,-0.152676,0.928787,-0.370462,-0.0106456,-0.0467948,-0.145717,0.988219,-0.559041,0.0604031,0.0473492,-0.82558,0.430267,1.29538,-9.59744,1,1
109618655,-0.146419,0.0467024,1.94773,-0.00620135,-0.00782923,-0.000793208,0.0,0.0,0.0,0.0,0.0,0.0,0.00645247,-0.00262106,0.00201385,-0.367671,-0.917341,-0.152654,0.928784,-0.370467,-0.0107568,-0.0466854,-0.145737,0.988221,-0.559036,0.060363,0.0473888,-0.825584,0.440164,1.4089,-9.8148,1,1
109626655,-0.146468,0.0466959,1.94776,-0.00577431,0.00212102,0.000732717,0.0,0.0,0.0,0.0,0.0,0.0,0.0064523,-0.00262167,0.00201642,-0.367698,-0.917324,-0.152696,0.928773,-0.370492,-0.0107854,-0.0466789,-0.145786,0.988214,-0.559023,0.0603733,0.0474118,-0.825591,0.442559,1.46321,-9.77357,1,1
109642690,-0.146484,0.0468522,1.94781,0.0011403,0.00924424,0.0017288,0.0,0.0,0.0,0.0,0.0,0.0,0.00645333,-0.00262112,0.00202033,-0.367746,-0.917292,-0.152767,0.928746,-0.370563,-0.0106561,-0.046835,-0.145801,0.988205,-0.558994,0.060441,0.0473762,-0.825608,0.53554,1.36468,-9.70425,1,1
109654694,-0.146448,0.0468743,1.9478,0.00211874,-0.00473172,-0.00293125,0.0,0.0,0.0,0.0,0.0,0.0,0.00645439,-0.00261958,0.00202014,-0.367729,-0.917303,-0.152743,0.928752,-0.37055,-0.0106199,-0.0468571,-0.145765,0.988209,-0.559001,0.0604405,0.0473548,-0.825604,0.472066,1.38569,-9.63121,1,1
109662656,-0.146447,0.0467947,1.94779,-0.00153604,-0.00919358,-0.00437716,0.0,0.0,0.0,0.0,0.0,0.0,0.00645481,-0.00262052,0.00202199,-0.367728,-0.917309,-0.152712,0.928756,-0.370537,-0.010692,-0.0467776,-0.145764,0.988213,-0.559005,0.0604073,0.0473763,-0.825602,0.416987,1.39752,-9.65225,1,1
109674655,-0.146498,0.046748,1.94781,-0.00376149,0.00279658,-0.000890173,0.0,0.0,0.0,0.0,0.0,0.0,0.00645454,-0.00262213,0.00202709,-0.367748,-0.917296,-0.152742,0.928751,-0.370549,-0.010757,-0.046731,-0.145815,0.988208,-0.558997,0.0604019,0.0474112,-0.825606,0.428902,1.49519,-9.79837,1,1
109682655,-0.146524,0.0468112,1.94784,-0.00095253,0.00854515,0.00442657,0.0,0.0,0.0,0.0,0.0,0.0,0.00645324,-0.00262238,0.00202798,-0.36777,-0.917279,-0.152789,0.928739,-0.370581,-0.0107126,-0.0467941,-0.145841,0.988201,-0.558983,0.0604347,0.0474051,-0.825614,0.457437,1.50434,-9.69352,1,1
109694654,-0.146504,0.0469145,1.94787,0.0018924,0.00440124,0.00127511,0.0,0.0,0.0,0.0,0.0,0.0,0.00645324,-0.00262124,0.0020279,-0.367799,-0.917264,-0.152807,0.928722,-0.370625,-0.0106151,-0.0468973,-0.14582,0.988199,-0.558967,0.0604708,0.0473687,-0.825624,0.533788,1.36973,-9.67684,1,1
109706669,-0.146464,0.0468494,1.94786,0.00170777,-0.0100181,-0.00450842,0.0,0.0,0.0,0.0,0.0,0.0,0.00645444,-0.0026203,0.00202939,-0.367785,-0.91728,-0.152747,0.928731,-0.370602,-0.0106577,-0.0468322,-0.145781,0.988208,-0.558977,0.0604331,0.0473699,-0.82562,0.459995,1.41491,-9.68408,1,1
109714655,-0.146456,0.0467966,1.94784,-0.00417027,-0.00675756,-0.00318347,0.0,0.0,0.0,0.0,0.0,0.0,0.00645702,-0.00261818,0.00203043,-0.367773,-0.917289,-0.152721,0.928738,-0.370581,-0.0107012,-0.0467795,-0.145774,0.988211,-0.558985,0.0604097,0.0473813,-0.825616,0.57508,1.29487,-9.95327,1,1
109726655,-0.146459,0.0468615,1.94787,-0.00103876,0.00711439,0.00360753,0.0,0.0,0.0,0.0,0.0,0.0,0.00645994,-0.00261613,0.00203281,-0.367801,-0.917274,-0.152747,0.928724,-0.370619,-0.0106473,-0.0468443,-0.145775,0.988208,-0.558969,0.0604363,0.047365,-0.825625,0.600702,1.37121,-9.87749,1,1
109738683,-0.146438,0.0469806,1.94793,-0.00049011,0.00456321,0.00271942,0.0,0.0,0.0,0.0,0.0,0.0,0.00646207,-0.00261238,0.0020358,-0.367853,-0.917249,-0.152771,0.928697,-0.370689,-0.0105391,-0.0469634,-0.145754,0.988206,-0.558942,0.0604783,0.0473248,-0.825643,0.665043,1.2875,-9.71872,1,1
109746659,-0.146404,0.0470014,1.94793,0.00312804,-0.00208004,-0.00246487,0.0,0.0,0.0,0.0,0.0,0.0,0.00646397,-0.0026104,0.00203695,-0.367854,-0.917253,-0.152747,0.928696,-0.370693,-0.0105076,-0.0469841,-0.145721,0.98821,-0.558942,0.0604773,0.0473049,-0.825645,0.563819,1.32574,-9.70106,1,1
109758655,-0.14636,0.0469286,1.9479,-0.00134514,-0.0044798,-0.00644804,0.0,0.0,0.0,0.0,0.0,0.0,0.00646574,-0.00261044,0.00203949,-0.36782,-0.917277,-0.15268,0.928713,-0.37065,-0.0105524,-0.0469113,-0.145677,0.988219,-0.558961,0.0604357,0.0473059,-0.825634,0.43932,1.34565,-9.8488,1,1
109766655,-0.146387,0.046925,1.94793,-0.00421609,0.00230537,-0.000582535,0.0,0.0,0.0,0.0,0.0,0.0,0.00646652,-0.00261196,0.00204463,-0.367852,-0.917261,-0.152703,0.928701,-0.37068,-0.0105706,-0.0469078,-0.145704,0.988216,-0.558946,0.060441,0.047319,-0.825643,0.423684,1.40408,-9.7982,1,1
109778655,-0.146401,0.0469848,1.94802,-0.00109865,0.00317375,0.00573333,0.0,0.0,0.0,0.0,0.0,0.0,0.00646641,-0.00261124,0.00204977,-0.367938,-0.91722,-0.152737,0.928663,-0.370774,-0.0105355,-0.0469675,-0.145718,0.988211,-0.558905,0.0604674,0.047311,-0.82567,0.598131,1.3885,-9.63515,1,1
109786665,-0.146398,0.0470373,1.94807,-0.000592585,0.00398703,0.00150873,0.0,0.0,0.0,0.0,0.0,0.0,0.00646733,-0.00261004,0.00205224,-0.367976,-0.917203,-0.152753,0.928646,-0.37082,-0.0104926,-0.0470199,-0.145714,0.988209,-0.558886,0.0604872,0.0472964,-0.825682,0.525477,1.35395,-9.65779,1,1
109798655,-0.146361,0.0469871,1.94807,0.00319145,-0.0087145,-0.0062901,0.0,0.0,0.0,0.0,0.0,0.0,0.00646796,-0.00260992,0.00205684,-0.367982,-0.917209,-0.152701,0.928646,-0.370818,-0.0105259,-0.0469698,-0.145678,0.988216,-0.558886,0.0604561,0.0472953,-0.825684,0.49937,1.41771,-9.71744,1,1
109810657,-0.146397,0.0469442,1.94809,-0.00421037,0.00204817,-0.000209739,0.0,0.0,0.0,0.0,0.0,0.0,0.00646782,-0.00261218,0.00206199,-0.368001,-0.917198,-0.152718,0.92864,-0.370831,-0.0105816,-0.046927,-0.145714,0.988213,-0.558879,0.060448,0.0473228,-0.825688,0.354616,1.43153,-9.736,1,1
109822655,-0.146429,0.0469971,1.94817,-0.00324551,0.00260415,0.00505368,0.0,0.0,0.0,0.0,0.0,0.0,0.00646735,-0.0026117,0.00206564,-0.368071,-0.917162,-0.152765,0.92861,-0.370907,-0.0105564,-0.0469798,-0.145745,0.988206,-0.558844,0.0604768,0.0473233,-0.825709,0.554683,1.43992,-9.70923,1,1
109830665,-0.14645,0.0470297,1.9482,-0.00220522,0.00173875,0.0016107,0.0,0.0,0.0,0.0,0.0,0.0,0.00646765,-0.00261075,0.00206715,-0.368103,-0.917144,-0.152796,0.928596,-0.370944,-0.0105397,-0.0470124,-0.145766,0.988202,-0.558828,0.0604953,0.047324,-0.825719,0.504354,1.40943,-9.70211,1,1
109842655,-0.146423,0.0469918,1.94818,0.00344118,-0.00373309,-0.00475182,0.0,0.0,0.0,0.0,0.0,0.0,0.00646829,-0.00261132,0.00206773,-0.36808,-0.91716,-0.152758,0.928607,-0.370915,-0.0105607,-0.0469746,-0.14574,0.988207,-0.558841,0.0604729,0.0473229,-0.825712,0.434399,1.38838,-9.74226,1,1
109850655,-0.146398,0.0469708,1.94819,0.000808509,0.000842509,-0.00268569,0.0,0.0,0.0,0.0,0.0,0.0,0.00646912,-0.00261332,0.00207195,-0.368093,-0.91716,-0.152727,0.928602,-0.370925,-0.0105727,-0.0469535,-0.145715,0.988212,-0.558837,0.0604568,0.0473187,-0.825716,0.372317,1.38139,-9.76546,1,1
109862655,-0.146413,0.046995,1.94824,-0.00134282,0.00206206,0.005009,0.0,0.0,0.0,0.0,0.0,0.0,0.0064687,-0.00261429,0.00207446,-0.368141,-0.917137,-0.152749,0.928582,-0.370976,-0.0105641,-0.0469777,-0.145729,0.988209,-0.558814,0.0604698,0.0473197,-0.825731,0.483081,1.46221,-9.7233,1,1
109874655,-0.146425,0.0470304,1.94832,-0.00254737,0.000815999,0.00233522,0.0,0.0,0.0,0.0,0.0,0.0,0.00647035,-0.00261284,0.00207768,-0.368215,-0.917103,-0.152773,0.928551,-0.371055,-0.0105483,-0.0470131,-0.145741,0.988205,-0.558779,0.0604859,0.0473173,-0.825754,0.537368,1.31824,-9.67614,1,1
109882655,-0.146417,0.0470218,1.9483,0.000621896,-0.00143809,-0.00479927,0.0,0.0,0.0,0.0,0.0,0.0,0.00647131,-0.00261286,0.00207777,-0.368194,-0.917113,-0.152763,0.92856,-0.371032,-0.0105498,-0.0470045,-0.145734,0.988207,-0.558789,0.0604807,0.0473158,-0.825747,0.446949,1.39251,-9.73564,1,1
109894654,-0.146388,0.0470237,1.94825,0.00238338,0.00469579,-0.00297948,0.0,0.0,0.0,0.0,0.0,0.0,0.00647197,-0.00261358,0.00207843,-0.368144,-0.917138,-0.152737,0.92858,-0.370984,-0.0105289,-0.0470064,-0.145704,0.988211,-0.558812,0.0604744,0.0473013,-0.825733,0.444887,1.41939,-9.76074,1,1
109906683,-0.1464,0.0470739,1.9483,-0.0034439,0.000811821,0.00419597,0.0,0.0,0.0,0.0,0.0,0.0,0.00647202,-0.00261366,0.00208137,-0.368189,-0.917115,-0.152766,0.92856,-0.371035,-0.0104949,-0.0470565,-0.145716,0.988207,-0.558789,0.0604975,0.047294,-0.825747,0.52473,1.44926,-9.98324,1,1
109914658,-0.146419,0.0470676,1.94835,-0.00349719,-0.00390712,0.00396868,0.0,0.0,0.0,0.0,0.0,0.0,0.00647323,-0.00261292,0.00208299,-0.36824,-0.917092,-0.15278,0.92854,-0.371084,-0.0105158,-0.0470502,-0.145734,0.988205,-0.558767,0.0604987,0.0473049,-0.825762,0.515013,1.39887,-9.92867,1,1
109926655,-0.146445,0.0470229,1.94837,-0.0018037,-0.00208901,-0.00390612,0.0,0.0,0.0,0.0,0.0,0.0,0.00647268,-0.00261365,0.00208574,-0.368256,-0.917084,-0.152788,0.928536,-0.371093,-0.0105694,-0.0470055,-0.145761,0.988203,-0.558761,0.0604874,0.047329,-0.825765,0.439485,1.47551,-9.91805,1,1
109934655,-0.146434,0.0470203,1.94836,0.00174216,0.00246859,-0.00324647,0.0,0.0,0.0,0.0,0.0,0.0,0.00647357,-0.00261477,0.00208836,-0.368253,-0.917087,-0.152776,0.928537,-0.37109,-0.010567,-0.047003,-0.14575,0.988204,-0.558762,0.0604831,0.0473248,-0.825764,0.425362,1.38725,-9.92435,1,1
109946655,-0.1464,0.0470605,1.94842,-0.00123622,0.00214919,0.00254374,0.0,0.0,0.0,0.0,0.0,0.0,0.00647389,-0.002616,0.00209334,-0.368303,-0.91707,-0.15276,0.928515,-0.371146,-0.010526,-0.0470431,-0.145717,0.988207,-0.558739,0.0604891,0.0473014,-0.825781,0.487301,1.40213,-9.79045,1,1
109958655,-0.146434,0.0470648,1.94849,-0.00252075,-0.00142478,0.00226,0.0,0.0,0.0,0.0,0.0,0.0,0.00647507,-0.00261603,0.0020972,-0.368371,-0.917037,-0.152791,0.928487,-0.371214,-0.0105457,-0.0470475,-0.14575,0.988202,-0.558708,0.0604985,0.0473163,-0.825801,0.456555,1.45358,-9.74413,1,1
109966655,-0.146466,0.0470439,1.9485,-0.00323748,-0.001953,-0.00150564,0.0,0.0,0.0,0.0,0.0,0.0,0.00647385,-0.00261634,0.00209855,-0.368383,-0.917029,-0.152813,0.928484,-0.371222,-0.0105787,-0.0470265,-0.145781,0.988199,-0.558702,0.0604984,0.0473357,-0.825803,0.475555,1.51191,-9.74918,1,1
109978655,-0.146499,0.0470973,1.94849,0.0015846,0.0089343,-0.00283449,0.0,0.0,0.0,0.0,0.0,0.0,0.00647335,-0.00261793,0.00210152,-0.368368,-0.917027,-0.152863,0.928487,-0.371215,-0.0105396,-0.0470799,-0.145814,0.988191,-0.558706,0.0605301,0.0473339,-0.825799,0.372563,1.45572,-9.7367,1,1
109990704,-0.146443,0.047158,1.94851,0.00190471,0.000680146,0.00141489,0.0,0.0,0.0,0.0,0.0,0.0,0.00647277,-0.00261731,0.00210433,-0.368388,-0.917024,-0.152834,0.928476,-0.371244,-0.0104666,-0.0471406,-0.145758,0.988197,-0.558696,0.0605391,0.0472946,-0.825807,0.589948,1.41636,-9.62204,1,1
110002655,-0.146455,0.0471193,1.94855,0.000220892,-0.00643223,0.00127825,0.0,0.0,0.0,0.0,0.0,0.0,0.00647346,-0.00261648,0.00210501,-0.368421,-0.917011,-0.15283,0.928465,-0.371271,-0.0105116,-0.0471019,-0.14577,0.988197,-0.558683,0.0605254,0.0473112,-0.825816,0.454491,1.40311,-9.72384,1,1
110014655,-0.146455,0.047052,1.94852,-0.000648608,-0.00311187,-0.0045114,0.0,0.0,0.0,0.0,0.0,0.0,0.00647229,-0.00261536,0.00210507,-0.3684,-0.917023,-0.152805,0.928477,-0.37124,-0.0105699,-0.0470346,-0.14577,0.9882,-0.558695,0.0604983,0.0473294,-0.825809,0.524701,1.48761,-9.81086,1,1
110022655,-0.146423,0.0470846,1.94851,0.00613761,0.00693939,-0.002188,0.0,0.0,0.0,0.0,0.0,0.0,0.0064727,-0.00261591,0.0021072,-0.368392,-0.91703,-0.152788,0.928479,-0.371237,-0.0105268,-0.0470672,-0.145738,0.988203,-0.558698,0.060503,0.0473068,-0.825807,0.452825,1.40361,-9.83302,1,1
110034654,-0.146323,0.0471591,1.94856,0.00245002,-0.000410665,0.00107299,0.0,0.0,0.0,0.0,0.0,0.0,0.00647382,-0.00261343,0.00211223,-0.368433,-0.917024,-0.152724,0.928458,-0.371291,-0.0104285,-0.0471417,-0.14564,0.988214,-0.558679,0.0605048,0.0472462,-0.825824,0.656725,1.34777,-9.69536,1,1
110046686,-0.146361,0.0471295,1.9486,-0.00414752,-0.00630991,-0.000583535,0.0,0.0,0.0,0.0,0.0,0.0,0.0064756,-0.00261133,0.00211606,-0.368475,-0.917003,-0.152747,0.928443,-0.371327,-0.0104766,-0.047112,-0.145677,0.98821,-0.558661,0.0605022,0.0472716,-0.825835,0.493704,1.44295,-9.76531,1,1
110054655,-0.146385,0.0470896,1.94861,-0.0015691,-0.00415384,-0.00249905,0.0,0.0,0.0,0.0,0.0,0.0,0.00647431,-0.00261092,0.00211804,-0.368485,-0.916998,-0.152754,0.928442,-0.37133,-0.0105236,-0.0470722,-0.145701,0.988208,-0.558658,0.0604922,0.0472929,-0.825836,0.523694,1.52515,-9.87655,1,1
110066655,-0.146385,0.0471843,1.94861,0.00467501,0.0118845,-0.000726182,0.0,0.0,0.0,0.0,0.0,0.0,0.00647438,-0.00261127,0.00212166,-0.368483,-0.916993,-0.152789,0.928437,-0.371342,-0.0104365,-0.0471668,-0.145701,0.988204,-0.558654,0.0605312,0.0472663,-0.825837,0.451082,1.4301,-9.79809,1,1
110074656,-0.146318,0.0472646,1.94863,0.00764358,0.00554533,0.000237079,0.0,0.0,0.0,0.0,0.0,0.0,0.00647422,-0.00260963,0.00212421,-0.368496,-0.916993,-0.152757,0.928428,-0.371368,-0.0103403,-0.047247,-0.145634,0.98821,-0.558647,0.0605453,0.0472166,-0.825844,0.61501,1.42861,-9.6967,1,1
110086655,-0.14634,0.0472456,1.94866,-0.00483083,-0.00897134,-0.00136623,0.0,0.0,0.0,0.0,0.0,0.0,0.00647529,-0.00260675,0.00212804,-0.368524,-0.91698,-0.152769,0.928418,-0.371393,-0.0103704,-0.0472281,-0.145656,0.988208,-0.558635,0.0605428,0.0472318,-0.825852,0.48435,1.41811,-9.67632,1,1
110098654,-0.146376,0.0471079,1.94865,-0.000560159,-0.00731311,-0.0019112,0.0,0.0,0.0,0.0,0.0,0.0,0.00647224,-0.00260787,0.00212773,-0.368522,-0.916984,-0.152752,0.928426,-0.371369,-0.0105096,-0.0470904,-0.145692,0.988209,-0.558641,0.0604962,0.0472853,-0.825848,0.445639,1.56135,-9.83413,1,1
110106655,-0.146419,0.0471264,1.94865,0.000342476,0.00699268,-0.000343205,0.0,0.0,0.0,0.0,0.0,0.0,0.00646865,-0.00260917,0.00212793,-0.368514,-0.916979,-0.152798,0.928428,-0.371364,-0.010507,-0.047109,-0.145734,0.988202,-0.558642,0.0605159,0.0472973,-0.825845,0.366464,1.65215,-9.94833,1,1
110118655,-0.146351,0.0471853,1.94866,0.00713341,0.00270873,0.00100488,0.0,0.0,0.0,0.0,0.0,0.0,0.00646629,-0.00261036,0.00212909,-0.368527,-0.91698,-0.152758,0.92842,-0.371387,-0.0104304,-0.0471678,-0.145667,0.988209,-0.558635,0.060521,0.0472535,-0.825852,0.521374,1.49036,-9.73423,1,1
110130684,-0.14641,0.0471334,1.94867,-0.00580226,-0.00640038,-0.00162038,0.0,0.0,0.0,0.0,0.0,0.0,0.00646482,-0.00261162,0.00213032,-0.368539,-0.91697,-0.152793,0.928417,-0.37139,-0.0105017,-0.047116,-0.145726,0.988202,-0.558631,0.0605158,0.0472927,-0.825853,0.297728,1.54416,-9.74745,1,1
110142655,-0.146489,0.0470327,1.94868,-0.0042947,-0.000782628,-0.00259662,0.0,0.0,0.0,0.0,0.0,0.0,0.00646137,-0.00261562,0.00213229,-0.368543,-0.916962,-0.152828,0.928421,-0.371378,-0.0106238,-0.0470154,-0.145804,0.988196,-0.558631,0.0604963,0.0473536,-0.825851,0.364309,1.59571,-9.80713,1,1
110154655,-0.146509,0.0471133,1.94871,0.00420498,0.0119624,0.00141583,0.0,0.0,0.0,0.0,0.0,0.0,0.00645982,-0.00261955,0.00213685,-0.368572,-0.916943,-0.152875,0.928406,-0.371418,-0.0105621,-0.0470959,-0.145823,0.988189,-0.558614,0.0605342,0.0473401,-0.82586,0.331195,1.43836,-9.66713,1,1
110162655,-0.146453,0.0471654,1.94876,0.00579233,0.00359024,0.00177884,0.0,0.0,0.0,0.0,0.0,0.0,0.0064597,-0.00262011,0.00214073,-0.368615,-0.916931,-0.152843,0.928386,-0.37147,-0.010501,-0.0471479,-0.145768,0.988195,-0.558594,0.0605391,0.0473041,-0.825875,0.487369,1.41368,-9.61426,1,1
110174654,-0.146497,0.0470755,1.94878,-0.00729534,-0.0107958,-0.00158184,0.0,0.0,0.0,0.0,0.0,0.0,0.00646032,-0.00262166,0.00214238,-0.368639,-0.91692,-0.15285,0.928381,-0.371479,-0.0106034,-0.0470581,-0.145812,0.988193,-0.558586,0.0605137,0.0473481,-0.82588,0.354237,1.4163,-9.67037,1,1
110186683,-0.146568,0.0469512,1.94878,-0.00213475,-0.00332473,-0.000385176,0.0,0.0,0.0,0.0,0.0,0.0,0.00645747,-0.00262368,0.00214244,-0.368643,-0.916915,-0.152869,0.928385,-0.371464,-0.0107442,-0.046934,-0.145883,0.988188,-0.558588,0.0604822,0.0474122,-0.825878,0.427773,1.59969,-9.85926,1,1
110194655,-0.14657,0.0469947,1.9488,0.00305107,0.00923188,0.00294437,0.0,0.0,0.0,0.0,0.0,0.0,0.00645606,-0.0026248,0.00214341,-0.368662,-0.916905,-0.152887,0.928376,-0.371489,-0.0107083,-0.0469774,-0.145885,0.988186,-0.558578,0.0605003,0.0474017,-0.825884,0.412718,1.50905,-9.74855,1,1
110206655,-0.14648,0.0471148,1.94885,0.00628184,0.00452475,-0.00100526,0.0,0.0,0.0,0.0,0.0,0.0,0.00645627,-0.00262447,0.00214755,-0.368698,-0.916896,-0.152848,0.928355,-0.371544,-0.0105709,-0.0470974,-0.145795,0.988193,-0.558559,0.0605236,0.047332,-0.825899,0.578279,1.37129,-9.56383,1,1
110214655,-0.146487,0.0470819,1.94885,-0.0033144,-0.00913464,-0.00531313,0.0,0.0,0.0,0.0,0.0,0.0,0.00645643,-0.00262275,0.00215077,-0.3687,-0.916897,-0.152842,0.928356,-0.37154,-0.0106037,-0.0470645,-0.145801,0.988194,-0.558559,0.0605118,0.0473439,-0.825899,0.568702,1.41463,-9.5405,1,1
110226662,-0.146563,0.0469672,1.94885,-0.0030485,-0.0052871,-0.00236343,0.0,0.0,0.0,0.0,0.0,0.0,0.00645366,-0.00262369,0.00215439,-0.368703,-0.916891,-0.15287,0.928361,-0.371525,-0.0107375,-0.0469499,-0.145877,0.988188,-0.558561,0.0604858,0.0474075,-0.825896,0.435175,1.59452,-9.78174,1,1
110238664,-0.146582,0.0470439,1.94893,0.0026268,0.0101093,0.00468917,0.0,0.0,0.0,0.0,0.0,0.0,0.0064513,-0.00262399,0.00215992,-0.368774,-0.916855,-0.152915,0.928329,-0.371607,-0.0106861,-0.0470265,-0.145896,0.988182,-0.558525,0.0605209,0.0473964,-0.825918,0.500629,1.46236,-9.69229,1,1
110246655,-0.146536,0.0471499,1.94898,0.00504021,0.00949876,0.00352517,0.0,0.0,0.0,0.0,0.0,0.0,0.00645163,-0.00262273,0.0021634,-0.368823,-0.916836,-0.152911,0.928304,-0.371671,-0.0105799,-0.0471324,-0.14585,0.988183,-0.5585,0.0605504,0.0473492,-0.825935,0.602833,1.35485,-9.52014,1,1
